1 Amiens
2 Angers
3 Biarritz
4 Bordeaux
5 Brest
6 Calais
7 Cherbourg
8 Clermont
9 Dijon
10 Grenoble
11 Le Havre
12 Lille
13 Lyon
14 Marseille
15 Montpellier
16 Nancy
17 Nantes
18 Nice
19 Paris
20 Perpignan
0                   
399 0                  
862 518 0                 
679 335 183 0                
619 371 817 634 0               
159 494 997 814 714 0              
366 290 808 625 402 461 0             
524 402 555 369 752 672 647 0            
417 498 815 632 812 556 661 280 0           
674 644 820 655 996 840 874 286 284 0          
180 297 800 617 468 275 215 586 542 776 0         
113 503 975 792 723 109 470 613 471 755 284 0        
587 538 735 549 890 753 768 180 197 106 676 668 0       
910 842 697 662 1194 1076 1072 463 520 277 980 991 323 0      
880 692 534 499 1048 1046 998 367 490 286 950 961 293 163 0     
358 602 1001 818 886 469 655 472 192 476 511 384 412 712 682 0    
489 90 512 329 305 584 310 469 588 713 357 593 607 911 743 692 0   
1067 999 879 844 1351 1233 1229 620 677 337 1137 1148 480 197 345 809 1068 0  
130 303 744 561 581 274 340 425 323 557 211 223 470 793 763 308 393 950 0 
1043 762 445 460 1094 1209 1068 464 653 449 1062 1124 456 326 163 845 789 508 926 0
